id,set,human_score,pos_26
17834,7,15,0
17836,7,13,0
17837,7,15,0
17838,7,17,0
17839,7,13,0
17840,7,23,0
17841,7,16,0
17842,7,18,0
17843,7,12,0
17844,7,10,0
17845,7,16,0
17846,7,19,0
17847,7,17,1
17849,7,14,0
17850,7,12,0
17851,7,16,0
17852,7,17,0
17853,7,16,0
17854,7,21,0
17856,7,14,0
17857,7,18,0
17858,7,24,0
17859,7,17,1
17860,7,16,0
17861,7,16,0
17862,7,9,0
17863,7,6,0
17864,7,10,0
17865,7,17,0
17867,7,16,0
17868,7,15,0
17869,7,11,1
17870,7,19,1
17871,7,24,0
17872,7,18,0
17873,7,16,0
17874,7,20,0
17875,7,12,0
17876,7,19,0
17878,7,10,0
17879,7,7,0
17880,7,16,0
17881,7,12,0
17882,7,12,0
17883,7,20,0
17884,7,24,0
17885,7,9,0
17886,7,9,0
17887,7,20,0
17888,7,16,0
17889,7,8,0
17890,7,15,0
17891,7,20,0
17892,7,17,0
17893,7,18,0
17894,7,13,0
17896,7,12,0
17897,7,20,0
17898,7,16,0
17899,7,24,2
17900,7,16,0
17901,7,10,0
17902,7,17,0
17903,7,12,0
17904,7,17,0
17905,7,8,0
17906,7,22,0
17908,7,24,0
17909,7,21,0
17910,7,19,0
17911,7,19,0
17912,7,12,0
17913,7,16,0
17914,7,12,0
17915,7,15,0
17916,7,9,0
17917,7,8,0
17918,7,14,0
17919,7,23,0
17920,7,14,0
17921,7,10,0
17922,7,17,0
17923,7,21,0
17924,7,24,0
17926,7,21,0
17927,7,6,1
17928,7,12,0
17930,7,21,0
17931,7,24,0
17932,7,24,0
17933,7,15,0
17935,7,14,0
17936,7,9,0
17937,7,9,0
17938,7,9,0
17939,7,22,0
17940,7,8,1
17941,7,15,0
17942,7,20,0
17943,7,10,0
17944,7,18,0
17945,7,18,0
17946,7,14,0
17947,7,23,0
17949,7,6,0
17950,7,11,0
17951,7,9,0
17952,7,21,0
17953,7,16,0
17954,7,11,0
17955,7,20,0
17957,7,8,0
17959,7,7,0
17961,7,17,0
17962,7,14,1
17963,7,22,0
17964,7,21,0
17965,7,12,0
17966,7,18,0
17967,7,12,0
17968,7,19,0
17969,7,16,0
17970,7,11,0
17971,7,18,0
17973,7,15,0
17974,7,17,0
17975,7,16,1
17976,7,9,0
17977,7,16,0
17978,7,9,0
17979,7,17,0
17980,7,24,0
17981,7,11,0
17982,7,9,0
17983,7,18,0
17984,7,18,0
17985,7,14,0
17986,7,17,0
17987,7,18,0
17988,7,15,0
17989,7,13,0
17990,7,11,0
17991,7,24,0
17992,7,7,0
17993,7,17,0
17996,7,11,0
17997,7,16,0
17998,7,17,0
18000,7,22,0
18001,7,12,0
18002,7,12,0
18004,7,16,0
18005,7,20,0
18006,7,16,0
18008,7,15,0
18011,7,8,0
18012,7,17,1
18013,7,13,0
18014,7,20,0
18015,7,14,0
18016,7,24,0
18017,7,17,0
18018,7,12,0
18019,7,20,0
18020,7,13,0
18021,7,16,0
18022,7,18,0
18023,7,12,0
18025,7,21,0
18026,7,19,0
18028,7,23,0
18029,7,17,0
18030,7,21,1
18031,7,9,0
18032,7,15,0
18033,7,12,0
18034,7,24,0
18035,7,16,0
18036,7,8,0
18037,7,13,0
18038,7,21,0
18039,7,16,0
18040,7,9,0
18041,7,17,0
18042,7,16,0
18043,7,7,0
18044,7,16,1
18045,7,19,0
18046,7,8,0
18047,7,22,0
18048,7,18,0
18049,7,18,0
18050,7,8,0
18051,7,18,0
18052,7,17,0
18053,7,24,0
18054,7,12,0
18055,7,16,0
18056,7,22,0
18057,7,14,0
18058,7,18,0
18060,7,8,0
18061,7,15,0
18062,7,17,0
18064,7,17,0
18065,7,14,0
18066,7,23,0
18067,7,17,0
18068,7,24,0
18070,7,20,0
18071,7,16,0
18072,7,15,0
18073,7,18,0
18074,7,17,0
18075,7,16,0
18076,7,13,0
18077,7,18,0
18078,7,19,0
18079,7,22,0
18080,7,8,0
18081,7,23,0
18082,7,14,0
18083,7,14,0
18084,7,15,0
18086,7,15,0
18087,7,19,0
18088,7,6,0
18089,7,21,0
18090,7,16,0
18091,7,7,0
18092,7,16,0
18093,7,14,0
18094,7,17,0
18095,7,15,1
18096,7,16,1
18097,7,17,0
18098,7,22,0
18099,7,17,0
18100,7,18,0
18102,7,13,0
18103,7,11,0
18105,7,17,0
18106,7,16,0
18107,7,13,0
18108,7,11,0
18109,7,8,0
18110,7,20,0
18112,7,17,0
18114,7,18,1
18115,7,15,0
18116,7,20,0
18117,7,19,0
18118,7,10,0
18119,7,16,0
18120,7,18,0
18121,7,14,0
18123,7,12,0
18124,7,15,0
18126,7,6,0
18127,7,18,0
18128,7,17,0
18129,7,13,0
18130,7,17,0
18131,7,15,0
18132,7,18,0
18133,7,13,0
18134,7,12,0
18135,7,12,0
18136,7,14,0
18137,7,15,0
18138,7,12,0
18140,7,18,0
18141,7,15,0
18142,7,21,0
18143,7,13,0
18144,7,16,0
18146,7,21,1
18147,7,16,0
18148,7,18,0
18149,7,10,0
18150,7,14,0
18151,7,16,0
18152,7,6,0
18153,7,24,0
18154,7,13,0
18156,7,18,1
18159,7,18,0
18160,7,23,0
18161,7,4,0
18162,7,19,0
18163,7,16,0
18164,7,19,0
18165,7,17,0
18166,7,17,0
18167,7,7,0
18168,7,17,0
18169,7,13,0
18170,7,14,0
18171,7,17,0
18172,7,23,0
18173,7,14,0
18174,7,23,0
18175,7,22,0
18177,7,13,0
18178,7,22,1
18179,7,5,0
18180,7,17,0
18181,7,17,0
18182,7,17,0
18183,7,16,0
18184,7,6,0
18185,7,13,0
18186,7,14,0
18187,7,21,0
18189,7,22,0
18190,7,14,0
18191,7,16,0
18192,7,20,0
18193,7,15,0
18194,7,13,0
18195,7,9,0
18196,7,8,0
18197,7,16,0
18198,7,20,0
18200,7,19,0
18201,7,21,0
18202,7,21,0
18203,7,7,0
18205,7,20,0
18206,7,16,0
18207,7,12,1
18208,7,17,0
18209,7,16,0
18210,7,18,0
18211,7,17,0
18212,7,14,0
18213,7,22,0
18215,7,8,0
18217,7,17,0
18218,7,16,0
18219,7,7,0
18220,7,21,0
18221,7,8,0
18222,7,24,0
18223,7,20,0
18225,7,19,0
18226,7,21,0
18227,7,18,0
18228,7,12,0
18229,7,24,0
18230,7,17,0
18231,7,23,0
18232,7,20,0
18233,7,10,0
18234,7,21,0
18235,7,18,0
18236,7,20,0
18237,7,18,0
18238,7,16,0
18239,7,7,0
18240,7,16,0
18241,7,20,1
18242,7,16,0
18243,7,24,0
18244,7,14,0
18245,7,9,0
18246,7,17,0
18247,7,10,0
18248,7,11,0
18249,7,13,0
18250,7,23,0
18251,7,11,0
18252,7,14,0
18253,7,12,0
18254,7,17,0
18255,7,20,0
18256,7,22,0
18257,7,20,0
18258,7,9,0
18259,7,9,0
18260,7,13,0
18261,7,20,0
18262,7,14,0
18263,7,11,0
18264,7,16,1
18265,7,15,0
18266,7,21,0
18267,7,11,0
18268,7,8,0
18269,7,14,0
18271,7,20,0
18272,7,11,0
18273,7,18,0
18275,7,20,0
18276,7,18,0
18277,7,18,0
18278,7,13,0
18279,7,23,0
18280,7,16,0
18281,7,24,0
18282,7,20,0
18283,7,20,0
18284,7,11,0
18285,7,16,0
18286,7,20,0
18287,7,18,0
18288,7,10,0
18289,7,17,0
18290,7,10,0
18291,7,22,0
18292,7,16,0
18293,7,11,0
18294,7,16,0
18295,7,16,0
18296,7,8,0
18297,7,21,0
18298,7,16,0
18300,7,13,0
18301,7,14,0
18302,7,16,0
18303,7,18,0
18304,7,13,0
18305,7,18,1
18306,7,10,0
18307,7,19,0
18308,7,12,1
18309,7,17,0
18310,7,7,0
18311,7,24,0
18312,7,21,0
18314,7,24,1
18317,7,16,0
18318,7,14,0
18319,7,24,1
18320,7,12,0
18321,7,14,0
18322,7,17,0
18324,7,24,0
18325,7,13,1
18326,7,11,0
18327,7,17,0
18329,7,14,0
18330,7,6,0
18331,7,10,0
18332,7,22,0
18333,7,16,0
18334,7,16,0
18335,7,16,0
18336,7,19,0
18337,7,21,0
18338,7,20,0
18339,7,24,0
18340,7,16,0
18341,7,22,0
18342,7,16,0
18343,7,13,0
18344,7,16,0
18345,7,19,0
18346,7,17,0
18347,7,14,0
18348,7,5,0
18349,7,19,0
18350,7,12,0
18352,7,17,0
18353,7,17,0
18354,7,11,0
18355,7,7,0
18356,7,17,0
18357,7,16,0
18358,7,15,0
18361,7,9,0
18362,7,24,0
18363,7,24,0
18364,7,14,0
18365,7,12,0
18366,7,16,0
18367,7,18,0
18368,7,15,0
18369,7,20,0
18370,7,8,0
18371,7,18,0
18373,7,14,0
18374,7,8,0
18375,7,8,0
18376,7,13,0
18377,7,24,0
18378,7,18,0
18379,7,11,0
18380,7,18,0
18381,7,20,0
18383,7,11,0
18384,7,13,0
18386,7,23,0
18387,7,17,0
18388,7,22,0
18389,7,17,0
18390,7,16,0
18391,7,19,0
18392,7,15,0
18393,7,20,1
18394,7,16,0
18395,7,24,0
18396,7,17,0
18398,7,19,1
18399,7,22,0
18401,7,18,0
18402,7,8,0
18403,7,12,0
18404,7,16,0
18405,7,14,0
18406,7,18,0
18407,7,21,0
18408,7,24,0
18409,7,14,0
18411,7,10,1
18412,7,14,0
18413,7,18,0
18414,7,8,1
18415,7,14,0
18416,7,19,0
18417,7,10,0
18418,7,18,0
18419,7,23,0
18421,7,14,0
18422,7,23,0
18423,7,18,0
18424,7,17,0
18426,7,10,0
18427,7,16,0
18428,7,14,0
18429,7,15,0
18430,7,19,0
18432,7,15,0
18433,7,19,0
18434,7,17,0
18435,7,18,0
18436,7,8,0
18438,7,22,0
18441,7,8,0
18442,7,23,0
18444,7,12,0
18445,7,9,0
18446,7,7,0
18448,7,19,0
18449,7,16,0
18450,7,20,0
18451,7,18,0
18453,7,16,0
18454,7,24,0
18455,7,7,0
18456,7,11,0
18458,7,21,0
18459,7,18,0
18460,7,15,0
18461,7,12,0
18463,7,6,0
18464,7,16,0
18465,7,18,0
18466,7,12,0
18467,7,21,0
18468,7,10,0
18471,7,20,0
18472,7,14,0
18473,7,24,0
18474,7,22,0
18475,7,18,0
18476,7,20,0
18477,7,22,0
18478,7,14,0
18479,7,23,0
18480,7,17,0
18481,7,9,0
18482,7,24,0
18484,7,12,0
18485,7,16,1
18488,7,9,0
18489,7,21,0
18490,7,14,0
18491,7,16,0
18492,7,17,0
18494,7,18,0
18495,7,16,0
18496,7,6,0
18497,7,18,0
18498,7,18,0
18499,7,24,0
18500,7,20,0
18501,7,9,0
18502,7,17,0
18503,7,16,0
18504,7,5,0
18505,7,13,0
18506,7,12,0
18507,7,22,0
18508,7,18,0
18509,7,11,0
18510,7,16,0
18511,7,7,0
18512,7,12,0
18513,7,17,0
18514,7,13,0
18515,7,24,0
18516,7,14,0
18517,7,14,1
18518,7,12,0
18519,7,16,0
18520,7,19,0
18521,7,20,0
18522,7,8,0
18523,7,21,0
18524,7,16,0
18525,7,21,0
18526,7,16,0
18527,7,14,0
18528,7,23,0
18529,7,10,0
18530,7,16,0
18531,7,9,0
18533,7,9,0
18534,7,20,0
18535,7,10,0
18536,7,24,0
18537,7,10,0
18538,7,18,1
18539,7,10,0
18540,7,16,0
18541,7,23,0
18542,7,23,0
18544,7,16,0
18545,7,12,0
18546,7,15,0
18547,7,9,0
18548,7,10,0
18549,7,20,0
18550,7,13,0
18551,7,9,0
18552,7,11,0
18553,7,11,0
18554,7,16,0
18556,7,20,0
18557,7,17,0
18558,7,23,0
18559,7,19,0
18560,7,23,0
18561,7,19,0
18562,7,19,1
18563,7,16,0
18564,7,15,0
18565,7,13,0
18566,7,24,0
18567,7,24,0
18569,7,22,0
18570,7,24,0
18571,7,13,0
18572,7,13,0
18573,7,22,0
18574,7,12,0
18575,7,15,0
18576,7,16,0
18577,7,18,0
18578,7,16,0
18579,7,18,0
18580,7,22,0
18581,7,19,0
18582,7,19,0
18583,7,17,0
18584,7,21,0
18586,7,11,0
18587,7,16,0
18588,7,23,0
18590,7,15,0
18591,7,24,0
18592,7,8,0
18593,7,22,0
18594,7,17,0
18595,7,11,0
18596,7,23,0
18597,7,18,0
18598,7,17,0
18599,7,20,0
18600,7,24,0
18601,7,17,0
18602,7,17,0
18603,7,16,0
18604,7,21,0
18605,7,22,0
18606,7,16,0
18607,7,17,0
18608,7,16,0
18609,7,11,0
18610,7,10,0
18611,7,14,0
18612,7,12,0
18613,7,16,0
18614,7,18,0
18615,7,17,0
18616,7,24,0
18617,7,21,0
18618,7,19,0
18619,7,18,0
18620,7,15,0
18621,7,12,0
18622,7,11,0
18624,7,17,0
18626,7,14,0
18627,7,17,0
18628,7,19,0
18629,7,16,0
18630,7,16,0
18631,7,24,0
18632,7,17,0
18633,7,11,0
18634,7,9,0
18635,7,14,0
18636,7,24,0
18637,7,21,0
18638,7,13,0
18639,7,14,0
18640,7,18,0
18641,7,17,1
18642,7,16,0
18643,7,15,0
18644,7,17,0
18645,7,9,0
18646,7,20,0
18647,7,18,0
18648,7,18,0
18649,7,18,0
18650,7,22,0
18651,7,21,0
18652,7,23,0
18653,7,23,0
18654,7,16,0
18655,7,21,0
18656,7,24,0
18657,7,23,0
18658,7,7,0
18659,7,14,0
18660,7,16,0
18661,7,17,0
18662,7,18,0
18663,7,16,0
18664,7,19,0
18666,7,14,0
18667,7,21,0
18668,7,20,0
18669,7,16,0
18670,7,13,0
18671,7,20,0
18672,7,17,0
18674,7,18,0
18675,7,14,0
18676,7,24,0
18677,7,17,0
18678,7,11,0
18680,7,8,0
18681,7,23,0
18682,7,22,0
18683,7,15,0
18684,7,17,0
18685,7,20,0
18686,7,18,0
18688,7,8,0
18689,7,8,0
18690,7,11,0
18691,7,22,0
18693,7,12,1
18694,7,20,0
18695,7,17,0
18696,7,20,0
18697,7,20,0
18698,7,13,0
18700,7,14,0
18701,7,24,0
18702,7,23,0
18703,7,14,0
18704,7,16,0
18705,7,20,0
18706,7,8,1
18707,7,20,1
18708,7,18,0
18709,7,19,0
18710,7,13,0
18711,7,10,0
18712,7,14,0
18713,7,12,0
18714,7,14,0
18715,7,20,0
18716,7,18,0
18717,7,12,0
18718,7,7,0
18719,7,8,0
18720,7,10,0
18721,7,15,0
18722,7,24,0
18723,7,16,0
18724,7,24,0
18725,7,20,0
18726,7,20,0
18727,7,9,0
18729,7,16,0
18730,7,18,0
18731,7,15,0
18732,7,16,0
18733,7,22,0
18734,7,4,0
18736,7,16,0
18737,7,15,0
18738,7,16,0
18739,7,8,0
18740,7,20,0
18741,7,24,1
18742,7,12,0
18743,7,9,0
18744,7,12,0
18745,7,18,0
18747,7,7,0
18748,7,16,0
18749,7,13,0
18750,7,6,0
18751,7,23,0
18752,7,14,0
18753,7,10,0
18754,7,18,0
18756,7,21,0
18757,7,17,0
18758,7,13,0
18759,7,23,0
18760,7,16,0
18761,7,20,0
18762,7,17,0
18763,7,16,0
18764,7,9,0
18765,7,18,0
18766,7,9,0
18767,7,13,0
18768,7,11,0
18769,7,12,0
18770,7,22,0
18771,7,21,0
18772,7,17,0
18773,7,14,0
18774,7,16,0
18775,7,24,1
18776,7,23,0
18777,7,13,0
18778,7,24,0
18779,7,18,0
18780,7,15,0
18781,7,12,0
18782,7,14,0
18783,7,9,1
18784,7,16,0
18785,7,8,0
18786,7,23,0
18787,7,16,0
18788,7,24,1
18789,7,19,0
18790,7,16,0
18791,7,23,0
18792,7,16,0
18793,7,24,0
18794,7,7,0
18795,7,10,0
18796,7,17,0
18797,7,10,0
18798,7,19,0
18799,7,20,0
18800,7,17,0
18801,7,17,0
18802,7,11,0
18803,7,15,0
18804,7,9,0
18805,7,19,0
18806,7,20,0
18807,7,7,0
18808,7,12,0
18809,7,24,0
18810,7,20,0
18811,7,19,0
18812,7,14,0
18813,7,10,0
18814,7,20,0
18815,7,17,0
18816,7,17,1
18817,7,20,0
18818,7,24,0
18819,7,16,0
18820,7,19,0
18821,7,23,0
18822,7,6,0
18823,7,16,0
18824,7,14,0
18825,7,21,0
18826,7,24,1
18827,7,16,0
18829,7,16,0
18830,7,13,0
18831,7,18,0
18832,7,24,0
18833,7,19,0
18834,7,17,0
18835,7,22,1
18836,7,17,0
18837,7,19,0
18839,7,22,0
18840,7,12,0
18841,7,15,0
18842,7,22,0
18843,7,17,0
18844,7,10,0
18845,7,16,0
18847,7,18,0
18848,7,24,0
18849,7,18,0
18851,7,21,0
18852,7,10,0
18853,7,23,0
18854,7,17,0
18855,7,14,0
18856,7,11,0
18857,7,24,0
18858,7,10,0
18859,7,6,0
18860,7,20,0
18861,7,17,0
18862,7,14,2
18863,7,16,0
18864,7,21,0
18865,7,13,1
18868,7,24,0
18870,7,17,0
18871,7,15,0
18872,7,19,0
18873,7,15,0
18874,7,20,0
18875,7,17,0
18876,7,4,0
18877,7,17,0
18878,7,15,0
18879,7,17,1
18880,7,18,1
18881,7,17,0
18882,7,14,0
18883,7,15,0
18884,7,20,0
18885,7,9,0
18886,7,20,0
18887,7,17,0
18888,7,16,0
18889,7,24,0
18890,7,20,0
18891,7,12,0
18892,7,17,2
18894,7,14,0
18895,7,13,0
18896,7,16,0
18897,7,22,0
18898,7,19,0
18899,7,15,0
18900,7,16,0
18901,7,17,0
18902,7,9,0
18903,7,10,0
18904,7,14,1
18905,7,14,0
18906,7,15,1
18907,7,23,0
18908,7,18,0
18909,7,18,0
18910,7,20,0
18911,7,7,0
18912,7,20,0
18913,7,12,0
18914,7,16,0
18915,7,19,0
18916,7,10,0
18917,7,21,0
18919,7,13,1
18920,7,10,0
18921,7,17,0
18922,7,13,0
18923,7,19,0
18924,7,10,0
18925,7,17,0
18926,7,18,1
18927,7,13,0
18928,7,19,0
18929,7,14,1
18930,7,11,0
18931,7,13,0
18932,7,16,0
18933,7,16,1
18934,7,17,0
18935,7,15,0
18936,7,15,0
18937,7,10,0
18938,7,17,0
18939,7,10,0
18940,7,18,0
18941,7,19,0
18942,7,20,0
18943,7,24,0
18944,7,12,0
18945,7,24,0
18946,7,24,0
18947,7,22,1
18949,7,16,0
18950,7,17,0
18951,7,17,0
18952,7,10,0
18954,7,22,0
18955,7,17,0
18956,7,8,0
18957,7,17,0
18958,7,2,0
18959,7,21,0
18960,7,24,0
18961,7,9,0
18962,7,20,0
18963,7,22,1
18964,7,23,0
18965,7,12,0
18967,7,15,0
18968,7,16,0
18969,7,22,0
18970,7,11,0
18971,7,14,0
18972,7,17,0
18973,7,12,0
18974,7,24,3
18976,7,10,0
18977,7,19,0
18978,7,24,0
18979,7,18,0
18980,7,7,0
18981,7,13,0
18982,7,19,1
18983,7,24,0
18984,7,7,0
18985,7,20,0
18986,7,17,0
18987,7,19,0
18988,7,19,0
18989,7,19,0
18990,7,17,0
18991,7,17,0
18993,7,13,0
18994,7,9,0
18995,7,16,0
18996,7,12,0
18997,7,6,0
18998,7,13,0
18999,7,15,0
19000,7,18,0
19001,7,16,0
19002,7,19,0
19003,7,22,1
19004,7,11,0
19005,7,16,1
19006,7,17,0
19007,7,17,0
19008,7,12,0
19009,7,15,0
19010,7,3,0
19011,7,14,0
19012,7,19,0
19013,7,16,0
19015,7,15,0
19017,7,16,0
19018,7,17,0
19020,7,16,0
19022,7,17,0
19023,7,17,0
19024,7,13,0
19025,7,16,0
19026,7,21,0
19027,7,11,0
19028,7,14,0
19029,7,24,0
19030,7,21,0
19031,7,21,0
19032,7,12,0
19033,7,10,1
19034,7,20,0
19035,7,16,0
19036,7,12,0
19037,7,16,0
19038,7,15,0
19039,7,18,0
19041,7,16,0
19042,7,10,0
19044,7,7,0
19046,7,15,0
19047,7,13,0
19048,7,9,0
19049,7,22,0
19050,7,19,0
19051,7,19,0
19052,7,24,0
19054,7,21,0
19055,7,16,0
19056,7,16,0
19057,7,15,0
19058,7,16,0
19059,7,21,0
19060,7,20,0
19061,7,15,0
19062,7,15,0
19063,7,20,0
19064,7,7,0
19065,7,17,0
19068,7,24,0
19069,7,18,0
19070,7,8,0
19071,7,16,0
19072,7,22,0
19073,7,18,0
19076,7,17,0
19077,7,18,0
19078,7,17,0
19079,7,17,0
19080,7,10,0
19081,7,9,0
19082,7,12,1
19083,7,20,0
19084,7,15,0
19085,7,10,0
19086,7,24,0
19087,7,19,2
19089,7,12,0
19090,7,17,0
19091,7,13,0
19092,7,15,1
19093,7,12,0
19094,7,17,0
19095,7,15,0
19096,7,20,0
19097,7,8,0
19098,7,20,0
19099,7,20,1
19100,7,21,0
19101,7,11,0
19102,7,17,0
19103,7,21,0
19104,7,21,0
19105,7,17,0
19106,7,24,0
19107,7,12,0
19108,7,17,0
19109,7,19,0
19110,7,15,0
19111,7,14,0
19112,7,11,0
19113,7,21,0
19114,7,20,0
19116,7,17,0
19117,7,16,0
19118,7,20,0
19119,7,14,0
19120,7,16,0
19122,7,5,0
19123,7,23,0
19124,7,17,0
19125,7,17,0
19126,7,16,0
19127,7,12,0
19129,7,8,0
19130,7,13,0
19131,7,8,0
19132,7,13,0
19134,7,11,0
19135,7,9,0
19136,7,19,1
19137,7,22,0
19138,7,13,0
19139,7,11,1
19140,7,20,0
19141,7,18,0
19143,7,12,0
19144,7,15,0
19145,7,24,0
19146,7,24,0
19147,7,15,0
19148,7,15,0
19149,7,9,0
19150,7,17,0
19151,7,12,0
19152,7,18,0
19153,7,14,0
19154,7,16,0
19155,7,12,0
19156,7,8,0
19158,7,18,0
19159,7,16,0
19160,7,19,0
19161,7,19,0
19162,7,12,0
19163,7,14,0
19164,7,17,0
19165,7,14,0
19166,7,16,0
19167,7,18,0
19168,7,16,0
19169,7,19,0
19170,7,20,0
19171,7,6,0
19172,7,16,0
19173,7,18,0
19174,7,21,1
19175,7,17,0
19176,7,17,0
19177,7,11,0
19178,7,11,0
19179,7,21,0
19180,7,14,0
19181,7,14,0
19183,7,12,0
19184,7,9,1
19185,7,16,0
19186,7,21,0
19187,7,19,0
19188,7,16,0
19189,7,10,0
19190,7,20,0
19191,7,14,0
19192,7,23,0
19193,7,17,0
19194,7,16,0
19195,7,24,0
19196,7,19,0
19197,7,24,1
19198,7,21,0
19199,7,17,0
19200,7,19,0
19201,7,24,0
19202,7,24,0
19203,7,14,0
19204,7,15,0
19205,7,24,0
19206,7,16,0
19207,7,22,0
19208,7,19,0
19209,7,17,0
19210,7,23,0
19211,7,19,0
19212,7,17,0
19213,7,12,0
19214,7,15,0
19215,7,22,0
19216,7,14,0
19217,7,16,0
19219,7,11,0
19220,7,10,0
19221,7,8,0
19222,7,17,0
19223,7,20,0
19224,7,13,0
19225,7,10,0
19226,7,14,0
19227,7,23,0
19228,7,12,0
19229,7,23,0
19230,7,13,0
19231,7,11,0
19232,7,17,0
19233,7,18,0
19234,7,17,0
19236,7,16,0
19237,7,23,0
19238,7,20,0
19239,7,19,0
19240,7,16,0
19241,7,16,0
19242,7,17,0
19243,7,24,0
19244,7,19,0
19245,7,16,0
19246,7,15,0
19247,7,13,0
19248,7,21,0
19249,7,15,0
19250,7,23,0
19251,7,11,0
19253,7,16,0
19254,7,10,0
19255,7,15,0
19256,7,16,1
19257,7,16,0
19258,7,21,0
19259,7,15,0
19260,7,18,0
19261,7,17,1
19262,7,17,0
19263,7,19,0
19264,7,11,0
19265,7,19,0
19266,7,24,0
19267,7,18,0
19268,7,17,0
19270,7,22,0
19271,7,24,0
19272,7,16,0
19273,7,22,0
19274,7,18,0
19275,7,23,0
19276,7,16,0
19277,7,17,0
19278,7,24,0
19280,7,12,0
19281,7,17,0
19282,7,10,0
19283,7,18,0
19285,7,18,0
19286,7,17,0
19287,7,14,0
19289,7,18,0
19290,7,23,0
19291,7,15,0
19292,7,16,0
19293,7,17,0
19294,7,18,0
19295,7,13,0
19296,7,14,0
19297,7,19,0
19298,7,13,0
19300,7,11,0
19301,7,22,1
19302,7,11,0
19303,7,14,0
19304,7,10,0
19305,7,17,1
19306,7,16,1
19307,7,19,0
19308,7,17,0
19310,7,10,0
19311,7,23,0
19312,7,24,0
19313,7,23,0
19314,7,18,0
19315,7,12,0
19316,7,11,0
19317,7,20,0
19318,7,14,0
19319,7,11,0
19320,7,8,0
19321,7,13,0
19322,7,20,0
19323,7,13,0
19324,7,16,0
19326,7,15,0
19327,7,16,0
19328,7,12,0
19329,7,16,0
19330,7,12,0
19331,7,20,0
19332,7,15,0
19333,7,16,0
19334,7,15,1
19335,7,14,0
19336,7,16,0
19337,7,6,0
19338,7,14,0
19339,7,15,0
19340,7,15,0
19341,7,12,1
19342,7,24,0
19343,7,20,0
19344,7,20,0
19345,7,16,0
19346,7,20,0
19348,7,9,0
19349,7,7,0
19350,7,16,0
19351,7,16,0
19352,7,22,0
19353,7,8,0
19354,7,14,0
19355,7,22,0
19356,7,16,0
19357,7,16,0
19358,7,8,0
19359,7,21,0
19360,7,18,1
19361,7,16,1
19362,7,13,0
19363,7,20,0
19364,7,21,0
19366,7,17,0
19368,7,16,0
19369,7,15,0
19371,7,7,0
19372,7,16,0
19373,7,6,0
19374,7,13,0
19375,7,17,0
19376,7,9,0
19377,7,14,0
19378,7,21,0
19379,7,22,0
19380,7,16,0
19381,7,22,0
19382,7,17,0
19383,7,21,0
19384,7,10,0
19385,7,14,0
19386,7,22,0
19387,7,14,0
19388,7,18,0
19389,7,16,0
19390,7,13,0
19391,7,18,0
19392,7,12,0
19393,7,8,0
19394,7,16,0
19395,7,24,0
19396,7,18,0
19397,7,14,0
19398,7,8,0
19400,7,8,0
19401,7,13,0
19402,7,11,0
19403,7,21,0
19404,7,14,0
19405,7,14,0
19406,7,23,0
19408,7,14,0
19409,7,20,0
19410,7,16,0
19411,7,13,0
19412,7,20,0
19413,7,22,0
19414,7,21,0
19415,7,13,0
19416,7,16,0
19417,7,17,0
19419,7,19,0
19420,7,16,0
19421,7,23,0
19422,7,20,0
19423,7,22,0
19424,7,6,0
19425,7,13,0
19427,7,22,1
19428,7,10,0
19429,7,20,0
19430,7,14,0
19431,7,20,0
19432,7,18,0
19433,7,19,0
19434,7,8,0
19435,7,17,0
19436,7,6,0
19437,7,16,0
19438,7,13,0
19439,7,12,0
19440,7,12,0
19441,7,22,0
19442,7,16,0
19443,7,19,0
19444,7,13,0
19445,7,19,0
19446,7,24,0
19447,7,18,0
19448,7,15,0
19449,7,12,0
19450,7,4,0
19451,7,22,0
19454,7,10,0
19455,7,13,0
19456,7,9,0
19457,7,16,0
19458,7,12,0
19459,7,21,0
19460,7,16,0
19462,7,16,0
19463,7,21,0
19464,7,16,0
19465,7,7,0
19466,7,15,0
19467,7,11,0
19468,7,21,0
19469,7,13,0
19470,7,15,0
19471,7,23,0
19472,7,19,0
19473,7,20,0
19474,7,20,0
19475,7,18,0
19476,7,17,0
19477,7,16,0
19478,7,24,0
19479,7,14,0
19480,7,12,0
19481,7,24,0
19482,7,19,0
19484,7,17,0
19485,7,18,0
19488,7,19,0
19489,7,12,0
19490,7,13,0
19491,7,8,0
19492,7,7,0
19493,7,6,0
19494,7,14,0
19495,7,13,0
19496,7,16,0
19497,7,9,0
19498,7,16,0
19499,7,21,1
19500,7,9,0
19501,7,24,0
19502,7,24,0
19503,7,16,0
19504,7,16,0
19505,7,17,1
19506,7,20,0
19507,7,17,0
19508,7,12,0
19509,7,11,0
19510,7,14,0
19511,7,11,0
19512,7,22,0
19513,7,18,0
19514,7,18,1
19515,7,19,0
19516,7,24,0
19517,7,14,0
19518,7,23,0
19519,7,19,0
19520,7,18,0
19521,7,13,0
19522,7,22,0
19523,7,19,0
19524,7,19,0
19525,7,17,0
19526,7,12,0
19527,7,13,0
19528,7,13,0
19529,7,24,0
19530,7,24,0
19533,7,14,0
19534,7,18,0
19535,7,16,0
19536,7,16,0
19537,7,13,0
19538,7,14,0
19539,7,14,0
19540,7,16,0
19541,7,13,0
19542,7,15,0
19543,7,16,0
19544,7,9,0
19545,7,15,0
19546,7,16,0
19547,7,18,0
19548,7,18,0
19549,7,8,0
19550,7,8,0
19553,7,19,0
19554,7,14,0
19555,7,18,0
19556,7,19,0
19557,7,24,0
19558,7,12,0
19559,7,16,2
19561,7,19,0
19562,7,22,1
19563,7,15,0
